28830
27860
28810
27880
28800
28780
27890
27910
28760
27930
28750
27940
28740
27950
28720
27970
28700
27990
75260
23850
23150
75303
75305
75255
75310
75882
2158
2165
75758
35288
23860
35284
23865
16953
16952
16958
23350
23640
23360
23630
24370
24680
24360
31550
31140
31547
31552
31150
24690
24350
24700
24340
24710
24330
20530
13775
14195
4386
4384
4400
3890
4510
4455
4440
4540
4420
4245
16428
16426
25750
25250
25740
25260
25730
25270
25720
25280
25710
25700
25290
25300
25650
25310
25640
25620
25333
25610
25340
25350
25600
25360
25361
25580
25570
25362
25560
25363
13530
13390
13400
13510
13410
13500
13420
13480
13430
75320
75240
75330
75340
75220
75350
75210
75360
75200
75370
75190
75380
75180
75390
75170
75400
75160
27770
27780
27790
28890
28880
27810
28870
27820
27840
28850
39390
38750
38770
39380
39370
38780
39360
38790
38450
38320
38460
38310
38470
38300
38480
38290
38490
82265
82267
82135
82127
82275
82277
82125
10615
23530
23520
23510
23500
9660
9650
755001
9630
9620
9610
9600
9589
25770
25790
25210
85203
85205
33080
32398
33090
33100
32397
32396
32399
33070
33060
32395
32400
32401
32394
33120
33050
32402
33040
33130
32393
33140
32392
32403
33030
32404
33020
32391
33150
33010
32405
32390
33160
32389
33170
32407
32990
33180
32388
32980
32408
33190
32387
32410
32960
32411
32950
32412
32940
32413
32930
32414
32920
32900
32416
32417
32890
32418
32880
32870
32419
32860
33200
32386
33210
32385
39458
39770
39760
39459
39750
39460
39560
39461
39550
39462
39463
39540
39530
39464
39520
39465
39510
39466
39500
39467
39490
39468
39480
39469
39479
39470
39477
39471
39476
39472
39475
39473
42188
42187
56230
55510
56240
55500
56250
55490
56260
55480
56270
48245
45760
45990
46010
45750
48050
12496
12485
12670
12500
12660
12520
55900
55910
55875
55940
27510
27395
27520
27530
27380
27370
27540
27550
27360
27560
27350
27570
27335
27590
27600
27320
27610
27310
27620
27300
27630
27290
27640
27270
27660
27260
27670
27240
27690
27230
27700
27720
27210
27200
27730
27190
27740
27180
27745
27175
43720
43778
43782
43716
43784
43714
43712
96760
43788
43710
43792
43706
13190
13200
13381
13210
13380
13220
13370
13230
13360
13240
13350
13250
13340
13330
13320
13260
13310
13270
13300
3155
3032
3033
3154
3153
3034
3035
3152
29120
29940
29110
29950
29100
29952
29091
29954
30090
30100
30110
28970
28980
28990
29000
29010
29020
29030
29040
29050
29060
29070
29080
29090